15 15 1734367170
21 17 1734367170
37 18 1734367170
49 19 1734367170
112 20 1734367170
129 23 1734367170
132 24 1734367170
142 25 1734367170
15 15.1903 1734367200
21 16.8646 1734367200
37 18.0519 1734367200
49 19.1253 1734367200
112 20.147 1734367200
129 23.1942 1734367200
132 23.9442 1734367200
142 25.1042 1734367200
15 15.0843 1734367230
21 16.9716 1734367230
37 18.0099 1734367230
49 18.9021 1734367230
112 20.3477 1734367230
129 22.9552 1734367230
132 24.1686 1734367230
142 25.0005 1734367230
15 14.8354 1734367260
21 16.8618 1734367260
37 17.9354 1734367260
49 19.0316 1734367260
112 20.5535 1734367260
129 23.1947 1734367260
132 24.0906 1734367260
142 24.999 1734367260
15 14.8633 1734367290
21 16.7436 1734367290
37 18.0607 1734367290
49 19.166 1734367290
112 20.6608 1734367290
129 23.1315 1734367290
132 24.2393 1734367290
142 24.9377 1734367290
15 14.6513 1734367320
21 16.8545 1734367320
37 18.0816 1734367320
49 19.0491 1734367320
112 20.6942 1734367320
129 23.2511 1734367320
132 24.1208 1734367320
142 24.9649 1734367320
15 14.5914 1734367350
21 17.1038 1734367350
37 17.8901 1734367350
49 18.8575 1734367350
112 20.8886 1734367350
129 23.1586 1734367350
132 23.9423 1734367350
142 24.9988 1734367350
15 14.4269 1734367380
21 17.0507 1734367380
37 18.1011 1734367380
49 18.8259 1734367380
112 20.748 1734367380
129 23.2167 1734367380
132 23.7523 1734367380
142 25.2315 1734367380
15 14.3881 1734367410
21 17.2528 1734367410
37 18.1177 1734367410
49 18.7131 1734367410
112 20.7797 1734367410
129 23.2343 1734367410
132 23.7834 1734367410
142 25.0651 1734367410
15 14.1675 1734367440
21 17.3739 1734367440
37 18.1967 1734367440
49 18.4914 1734367440
112 20.7657 1734367440
129 23.4602 1734367440
132 23.946 1734367440
142 24.8209 1734367440
15 14.148 1734367470
21 17.2979 1734367470
37 18.3463 1734367470
49 18.5942 1734367470
112 20.6012 1734367470
129 23.65 1734367470
132 24.0829 1734367470
142 24.9494 1734367470
15 13.9826 1734367500
21 17.5023 1734367500
37 18.2428 1734367500
49 18.3919 1734367500
112 20.3541 1734367500
129 23.8881 1734367500
132 23.8491 1734367500
142 24.8221 1734367500
15 13.923 1734367530
21 17.747 1734367530
37 18.0173 1734367530
49 18.5566 1734367530
112 20.2337 1734367530
129 24.0624 1734367530
132 23.9889 1734367530
142 25.0049 1734367530
15 13.9235 1734367560
21 17.855 1734367560
37 18.0678 1734367560
49 18.3841 1734367560
112 20.0473 1734367560
129 24.2918 1734367560
132 23.9394 1734367560
142 25.2249 1734367560
15 13.6967 1734367590
21 17.6694 1734367590
37 17.8254 1734367590
49 18.2339 1734367590
112 19.9368 1734367590
129 24.0841 1734367590
132 24.1583 1734367590
142 25.0594 1734367590
15 13.7763 1734367620
21 17.7709 1734367620
37 17.967 1734367620
49 18.291 1734367620
112 20.1605 1734367620
129 23.956 1734367620
132 23.946 1734367620
142 25.2064 1734367620
15 13.958 1734367650
21 17.9129 1734367650
37 17.7616 1734367650
49 18.1088 1734367650
112 20.388 1734367650
129 24.0536 1734367650
132 23.8739 1734367650
142 25.0726 1734367650
15 13.9331 1734367680
21 17.976 1734367680
37 17.8742 1734367680
49 18.1311 1734367680
112 20.3446 1734367680
129 23.8726 1734367680
132 23.8276 1734367680
142 24.8327 1734367680
15 13.7199 1734367710
21 17.7404 1734367710
37 17.8793 1734367710
49 18.379 1734367710
112 20.1449 1734367710
129 23.8794 1734367710
132 23.7056 1734367710
142 24.6041 1734367710
15 13.8222 1734367740
21 17.5311 1734367740
37 17.7605 1734367740
49 18.4804 1734367740
112 20.2359 1734367740
129 24.0673 1734367740
132 23.5481 1734367740
142 24.454 1734367740
15 13.6173 1734367770
21 17.47 1734367770
37 17.6419 1734367770
49 18.4992 1734367770
112 20.481 1734367770
129 24.1364 1734367770
132 23.3992 1734367770
142 24.623 1734367770
15 13.4973 1734367800
21 17.3004 1734367800
37 17.7259 1734367800
49 18.3376 1734367800
112 20.5228 1734367800
129 23.9549 1734367800
132 23.596 1734367800
142 24.6358 1734367800
15 13.4563 1734367830
21 17.177 1734367830
37 17.7344 1734367830
49 18.1128 1734367830
112 20.5992 1734367830
129 24.1321 1734367830
132 23.5131 1734367830
142 24.8795 1734367830
15 13.3428 1734367860
21 17.078 1734367860
37 17.8927 1734367860
49 18.1108 1734367860
112 20.4243 1734367860
129 24.2984 1734367860
132 23.6498 1734367860
142 24.7895 1734367860
15 13.5763 1734367890
21 17.238 1734367890
37 17.9885 1734367890
49 17.9648 1734367890
112 20.5248 1734367890
129 24.4396 1734367890
132 23.4021 1734367890
142 25.002 1734367890
15 13.4721 1734367920
21 17.3585 1734367920
37 18.1036 1734367920
49 17.8507 1734367920
112 20.5036 1734367920
129 24.2594 1734367920
132 23.5001 1734367920
142 25.226 1734367920
15 13.6223 1734367950
21 17.4699 1734367950
37 18.0909 1734367950
49 18.0154 1734367950
112 20.5322 1734367950
129 24.4354 1734367950
132 23.4811 1734367950
142 25.1729 1734367950
15 13.7524 1734367980
21 17.335 1734367980
37 18.0741 1734367980
49 18.1093 1734367980
112 20.415 1734367980
129 24.1864 1734367980
132 23.2957 1734367980
142 25.18 1734367980
15 13.8169 1734368010
21 17.3398 1734368010
37 18.014 1734368010
49 18.354 1734368010
112 20.2602 1734368010
129 24.1608 1734368010
132 23.284 1734368010
142 25.1784 1734368010
15 14.0093 1734368040
21 17.5533 1734368040
37 18.0411 1734368040
49 18.3066 1734368040
112 20.1064 1734368040
129 24.1968 1734368040
132 23.3876 1734368040
142 25.411 1734368040
15 14.0549 1734368070
21 17.6931 1734368070
37 18.1285 1734368070
49 18.142 1734368070
112 20.2204 1734368070
129 24.3623 1734368070
132 23.1623 1734368070
142 25.3214 1734368070
15 13.8214 1734368100
21 17.7538 1734368100
37 18.0952 1734368100
49 18.2404 1734368100
112 20.1788 1734368100
129 24.2702 1734368100
132 23.0022 1734368100
142 25.3098 1734368100
15 13.6364 1734368130
21 17.6728 1734368130
37 18.2253 1734368130
49 18.1903 1734368130
112 20.2057 1734368130
129 24.3532 1734368130
132 23.0545 1734368130
142 25.122 1734368130
15 13.4349 1734368160
21 17.774 1734368160
37 18.2786 1734368160
49 18.3808 1734368160
112 20.0258 1734368160
129 24.4796 1734368160
132 23.1825 1734368160
142 25.0024 1734368160
15 13.1893 1734368190
21 17.971 1734368190
37 18.1951 1734368190
49 18.4085 1734368190
112 20.1561 1734368190
129 24.3701 1734368190
132 23.0841 1734368190
142 24.9289 1734368190
15 13.185 1734368220
21 17.9875 1734368220
37 18.1749 1734368220
49 18.343 1734368220
112 20.0572 1734368220
129 24.1481 1734368220
132 22.892 1734368220
142 24.7609 1734368220
15 13.3222 1734368250
21 17.781 1734368250
37 18.383 1734368250
49 18.2407 1734368250
112 19.8382 1734368250
129 24.3873 1734368250
132 22.8319 1734368250
142 25.001 1734368250
15 13.4294 1734368280
21 17.6 1734368280
37 18.6118 1734368280
49 18.4353 1734368280
112 19.7307 1734368280
129 24.6282 1734368280
132 22.8839 1734368280
142 25.0957 1734368280
15 13.2854 1734368310
21 17.7882 1734368310
37 18.6548 1734368310
49 18.3296 1734368310
112 19.748 1734368310
129 24.384 1734368310
132 22.9537 1734368310
142 25.3113 1734368310
15 13.3604 1734368340
21 17.721 1734368340
37 18.7426 1734368340
49 18.437 1734368340
112 19.7958 1734368340
129 24.5607 1734368340
132 22.8946 1734368340
142 25.2227 1734368340
15 13.4084 1734368370
21 17.7605 1734368370
37 18.9824 1734368370
49 18.535 1734368370
112 19.9463 1734368370
129 24.3457 1734368370
132 22.9035 1734368370
142 25.2684 1734368370
15 13.1734 1734368400
21 17.9785 1734368400
37 19.1648 1734368400
49 18.7585 1734368400
112 20.0783 1734368400
129 24.382 1734368400
132 22.9295 1734368400
142 25.1627 1734368400
15 13.3171 1734368430
21 17.7747 1734368430
37 19.3722 1734368430
49 18.5546 1734368430
112 20.0862 1734368430
129 24.3177 1734368430
132 22.8482 1734368430
142 25.2404 1734368430
15 13.4374 1734368460
21 17.5407 1734368460
37 19.3831 1734368460
49 18.396 1734368460
112 20.309 1734368460
129 24.5063 1734368460
132 22.8617 1734368460
142 25.0479 1734368460
15 13.4265 1734368490
21 17.3323 1734368490
37 19.2348 1734368490
49 18.2802 1734368490
112 20.1938 1734368490
129 24.6093 1734368490
132 22.9459 1734368490
142 25.2067 1734368490
15 13.6226 1734368520
21 17.257 1734368520
37 19.3125 1734368520
49 18.0935 1734368520
112 20.4278 1734368520
129 24.5218 1734368520
132 22.777 1734368520
142 25.2772 1734368520
15 13.4382 1734368550
21 17.0988 1734368550
37 19.3089 1734368550
49 18.1471 1734368550
112 20.314 1734368550
129 24.2893 1734368550
132 22.9906 1734368550
142 25.0579 1734368550
15 13.6045 1734368580
21 17.227 1734368580
37 19.1684 1734368580
49 18.3796 1734368580
112 20.4667 1734368580
129 24.3975 1734368580
132 22.9512 1734368580
142 24.9773 1734368580
15 13.5653 1734368610
21 17.2138 1734368610
37 19.0243 1734368610
49 18.6157 1734368610
112 20.4333 1734368610
129 24.3917 1734368610
132 23.0071 1734368610
142 25.002 1734368610
15 13.5778 1734368640
21 17.4561 1734368640
37 18.9791 1734368640
49 18.6501 1734368640
112 20.5465 1734368640
129 24.6115 1734368640
132 23.0538 1734368640
142 24.7937 1734368640
15 13.4403 1734368670
21 17.601 1734368670
37 19.2096 1734368670
49 18.5522 1734368670
112 20.6433 1734368670
129 24.7897 1734368670
132 23.214 1734368670
142 24.7279 1734368670
15 13.6768 1734368700
21 17.3516 1734368700
37 19.1046 1734368700
49 18.7233 1734368700
112 20.6911 1734368700
129 24.7654 1734368700
132 23.1311 1734368700
142 24.8525 1734368700
15 13.6546 1734368730
21 17.4228 1734368730
37 19.3164 1734368730
49 18.6548 1734368730
112 20.8086 1734368730
129 24.9809 1734368730
132 23.3528 1734368730
142 24.9189 1734368730
15 13.711 1734368760
21 17.6626 1734368760
37 19.5395 1734368760
49 18.795 1734368760
112 20.5951 1734368760
129 25.1675 1734368760
132 23.1264 1734368760
142 24.7992 1734368760
15 13.6145 1734368790
21 17.801 1734368790
37 19.354 1734368790
49 18.6989 1734368790
112 20.5536 1734368790
129 25.0607 1734368790
132 23.2148 1734368790
142 24.9 1734368790
15 13.7885 1734368820
21 17.5633 1734368820
37 19.4195 1734368820
49 18.4789 1734368820
112 20.6527 1734368820
129 25.0204 1734368820
132 23.1531 1734368820
142 25.1377 1734368820
15 13.8846 1734368850
21 17.6464 1734368850
37 19.4973 1734368850
49 18.2581 1734368850
112 20.6848 1734368850
129 24.945 1734368850
132 23.2775 1734368850
142 25.1439 1734368850
15 13.7147 1734368880
21 17.4281 1734368880
37 19.5506 1734368880
49 18.1166 1734368880
112 20.4819 1734368880
129 24.7631 1734368880
132 23.443 1734368880
142 25.1597 1734368880
15 13.9335 1734368910
21 17.4118 1734368910
37 19.3503 1734368910
49 18.1802 1734368910
112 20.7134 1734368910
129 24.943 1734368910
132 23.197 1734368910
142 25.052 1734368910
15 13.9139 1734368940
21 17.4441 1734368940
37 19.4186 1734368940
49 18.3016 1734368940
112 20.8555 1734368940
129 24.7773 1734368940
132 23.3503 1734368940
142 25.0699 1734368940
15 13.6779 1734368970
21 17.3081 1734368970
37 19.6166 1734368970
49 18.4831 1734368970
112 20.9461 1734368970
129 24.5598 1734368970
132 23.4821 1734368970
142 24.8696 1734368970
15 13.737 1734369000
21 17.5539 1734369000
37 19.5377 1734369000
49 18.5587 1734369000
112 20.8751 1734369000
129 24.5755 1734369000
132 23.4977 1734369000
142 24.9798 1734369000
15 13.9662 1734369030
21 17.4926 1734369030
37 19.4483 1734369030
49 18.4587 1734369030
112 20.663 1734369030
129 24.4491 1734369030
132 23.5092 1734369030
142 24.7831 1734369030
15 13.882 1734369060
21 17.3197 1734369060
37 19.6345 1734369060
49 18.38 1734369060
112 20.8988 1734369060
129 24.2517 1734369060
132 23.6077 1734369060
142 24.7588 1734369060
15 14.1257 1734369090
21 17.4648 1734369090
37 19.5141 1734369090
49 18.1563 1734369090
112 20.6987 1734369090
129 24.2174 1734369090
132 23.6202 1734369090
142 24.6905 1734369090
15 14.2656 1734369120
21 17.6471 1734369120
37 19.5644 1734369120
49 18.3195 1734369120
112 20.6625 1734369120
129 24.3839 1734369120
132 23.771 1734369120
142 24.7977 1734369120
15 14.4394 1734369150
21 17.8737 1734369150
37 19.3476 1734369150
49 18.5418 1734369150
112 20.7985 1734369150
129 24.3204 1734369150
132 23.875 1734369150
142 24.8285 1734369150
15 14.5479 1734369180
21 17.9057 1734369180
37 19.4979 1734369180
49 18.6023 1734369180
112 20.7064 1734369180
129 24.2367 1734369180
132 23.8592 1734369180
142 25.0563 1734369180
15 14.4042 1734369210
21 17.6677 1734369210
37 19.3043 1734369210
49 18.5125 1734369210
112 20.9194 1734369210
129 24.0717 1734369210
132 23.6142 1734369210
142 24.878 1734369210
15 14.6276 1734369240
21 17.8286 1734369240
37 19.3106 1734369240
49 18.7101 1734369240
112 21.1471 1734369240
129 24.0263 1734369240
132 23.4963 1734369240
142 24.8339 1734369240
15 14.8619 1734369270
21 17.9864 1734369270
37 19.478 1734369270
49 18.5714 1734369270
112 21.1948 1734369270
129 23.8264 1734369270
132 23.3198 1734369270
142 24.8643 1734369270
15 14.785 1734369300
21 18.1741 1734369300
37 19.2552 1734369300
49 18.656 1734369300
112 21.0109 1734369300
129 23.666 1734369300
132 23.4618 1734369300
142 25.0154 1734369300
15 14.5834 1734369330
21 18.4198 1734369330
37 19.1958 1734369330
49 18.8474 1734369330
112 21.0886 1734369330
129 23.68 1734369330
132 23.3421 1734369330
142 25.1079 1734369330
15 14.766 1734369360
21 18.4773 1734369360
37 19.387 1734369360
49 18.6685 1734369360
112 21.2676 1734369360
129 23.8222 1734369360
132 23.1039 1734369360
142 25.116 1734369360
15 14.6222 1734369390
21 18.2308 1734369390
37 19.228 1734369390
49 18.7751 1734369390
112 21.3073 1734369390
129 24.0634 1734369390
132 22.8944 1734369390
142 25.174 1734369390
15 14.4627 1734369420
21 18.3203 1734369420
37 19.3609 1734369420
49 18.7553 1734369420
112 21.3833 1734369420
129 24.2735 1734369420
132 22.7982 1734369420
142 25.2601 1734369420
15 14.2443 1734369450
21 18.3614 1734369450
37 19.1239 1734369450
49 18.6274 1734369450
112 21.3461 1734369450
129 24.3981 1734369450
132 22.7985 1734369450
142 25.2091 1734369450
15 14.459 1734369480
21 18.3926 1734369480
37 19.1112 1734369480
49 18.6245 1734369480
112 21.1337 1734369480
129 24.4697 1734369480
132 22.6958 1734369480
142 25.2985 1734369480
15 14.4779 1734369510
21 18.5133 1734369510
37 19.0988 1734369510
49 18.7221 1734369510
112 21.0921 1734369510
129 24.5099 1734369510
132 22.7972 1734369510
142 25.247 1734369510
15 14.5735 1734369540
21 18.7171 1734369540
37 19.0697 1734369540
49 18.6921 1734369540
112 21.096 1734369540
129 24.3553 1734369540
132 22.9602 1734369540
142 25.0851 1734369540
15 14.8168 1734369570
21 18.8187 1734369570
37 19.1701 1734369570
49 18.5037 1734369570
112 21.2095 1734369570
129 24.2866 1734369570
132 22.829 1734369570
142 25.0041 1734369570
15 14.6457 1734369600
21 18.7586 1734369600
37 18.9733 1734369600
49 18.4104 1734369600
112 21.1645 1734369600
129 24.4248 1734369600
132 22.9004 1734369600
142 24.9977 1734369600
15 14.8466 1734369630
21 18.5884 1734369630
37 18.7598 1734369630
49 18.3304 1734369630
112 21.0825 1734369630
129 24.5983 1734369630
132 22.997 1734369630
142 24.879 1734369630
15 14.673 1734369660
21 18.7347 1734369660
37 18.9562 1734369660
49 18.405 1734369660
112 21.1085 1734369660
129 24.6428 1734369660
132 22.8638 1734369660
142 25.107 1734369660
15 14.5539 1734369690
21 18.8463 1734369690
37 18.7476 1734369690
49 18.1742 1734369690
112 20.8934 1734369690
129 24.7863 1734369690
132 23.041 1734369690
142 25.3112 1734369690
15 14.5218 1734369720
21 18.7919 1734369720
37 18.5158 1734369720
49 18.4124 1734369720
112 21.1193 1734369720
129 24.77 1734369720
132 22.9607 1734369720
142 25.4635 1734369720
15 14.3157 1734369750
21 18.8355 1734369750
37 18.4827 1734369750
49 18.5712 1734369750
112 20.9611 1734369750
129 24.5589 1734369750
132 22.9576 1734369750
142 25.3441 1734369750
15 14.2971 1734369780
21 18.812 1734369780
37 18.5877 1734369780
49 18.7628 1734369780
112 20.966 1734369780
129 24.7943 1734369780
132 23.1478 1734369780
142 25.286 1734369780
15 14.0545 1734369810
21 18.8974 1734369810
37 18.5276 1734369810
49 18.5403 1734369810
112 20.7702 1734369810
129 24.9207 1734369810
132 22.9928 1734369810
142 25.1806 1734369810
15 14.0697 1734369840
21 18.9569 1734369840
37 18.3566 1734369840
49 18.6597 1734369840
112 20.8098 1734369840
129 25.0812 1734369840
132 22.9066 1734369840
142 25.4069 1734369840
15 14.2831 1734369870
21 19.1059 1734369870
37 18.4296 1734369870
49 18.8133 1734369870
112 20.6679 1734369870
129 25.2947 1734369870
132 23.0656 1734369870
142 25.2108 1734369870
15 14.5217 1734369900
21 19.1616 1734369900
37 18.5782 1734369900
49 18.7571 1734369900
112 20.8973 1734369900
129 25.5132 1734369900
132 23.208 1734369900
142 25.1394 1734369900
15 14.7512 1734369930
21 19.2543 1734369930
37 18.5843 1734369930
49 18.6022 1734369930
112 21.0093 1734369930
129 25.2828 1734369930
132 23.2608 1734369930
142 24.9315 1734369930
15 14.6875 1734369960
21 19.1304 1734369960
37 18.5793 1734369960
49 18.5447 1734369960
112 20.783 1734369960
129 25.2996 1734369960
132 23.1632 1734369960
142 24.8046 1734369960
15 14.6445 1734369990
21 19.27 1734369990
37 18.7736 1734369990
49 18.7562 1734369990
112 20.5812 1734369990
129 25.5452 1734369990
132 23.3636 1734369990
142 24.8697 1734369990
15 14.8263 1734370020
21 19.4898 1734370020
37 18.7476 1734370020
49 18.7992 1734370020
112 20.4047 1734370020
129 25.3009 1734370020
132 23.217 1734370020
142 24.9671 1734370020
15 14.7748 1734370050
21 19.3522 1734370050
37 18.7341 1734370050
49 19.0397 1734370050
112 20.4352 1734370050
129 25.0648 1734370050
132 22.9885 1734370050
142 25.0635 1734370050
15 14.5798 1734370080
21 19.599 1734370080
37 18.7196 1734370080
49 18.8704 1734370080
112 20.2632 1734370080
129 25.1167 1734370080
132 22.946 1734370080
142 24.9999 1734370080
15 14.439 1734370110
21 19.6007 1734370110
37 18.6258 1734370110
49 18.8943 1734370110
112 20.3127 1734370110
129 25.0964 1734370110
132 23.1895 1734370110
142 24.8451 1734370110
15 14.4284 1734370140
21 19.617 1734370140
37 18.6159 1734370140
49 18.8172 1734370140
112 20.1312 1734370140
129 24.8517 1734370140
132 22.9833 1734370140
142 24.9088 1734370140
